02 01 01 01 01 01 01 01 01 01 01 01 01 01 02
01 -3 -3 -3 -3 -3 -3 -3 -3 -3 -3 -3 -3 -3 01
01 05 -3 05 05 05 05 05 05 05 05 05 05 -3 01
01 05 -3 05 -3 -3 -3 -3 -3 -3 -3 70 05 -3 01
01 05 -3 72 -3 05 05 -3 -3 05 05 -3 05 -3 01
01 05 -3 -3 -3 05 05 -3 05 05 05 -3 05 -3 01
01 05 73 05 05 05 05 -3 05 05 05 -3 -3 -3 01
01 05 -3 -3 -3 -3 -3 -2 -3 -3 -3 -3 72 73 01
01 05 -3 05 05 -3 05 -3 05 05 05 -3 05 05 01
01 05 -3 05 05 -3 05 -3 05 05 05 -3 05 05 01
01 05 71 05 05 -3 -3 -3 -3 -3 -3 -3 05 05 01
01 05 72 05 05 70 73 -3 05 05 -3 71 05 05 01
01 05 -3 -3 -3 -3 -3 -3 -3 -3 -3 72 05 05 01
01 -3 -3 05 05 05 05 05 05 05 -3 -3 -3 -3 01
02 01 01 01 01 01 01 01 01 01 01 01 01 01 02
















