teddy:77
ob1: 70
ob2: 71
ob3: 72
ob4: 73
house: -2





01 01 01 01 01 01 01 01 01 01 01 01 01 01 01
01 00 -1 -1 -1 -1 -1 -1 -1 -1 -1 -1 -1 00 01
01 -1 70 -1 -1 73 -1 -1 -1 72 -1 -1 71 -1 01
01 -1 -1 -1 -1 -1 -1 -1 -1 -1 -1 -1 -1 -1 01
01 -1 -1 -1 -1 -1 -1 -1 -1 -1 -1 -1 -1 -1 01
01 -1 -1 71 -1 -1 -1 -1 -1 -1 -1 70 -1 -1 01
01 -1 -1 -1 -1 -1 01 -1 01 -1 -1 -1 -1 -1 01                                                             
01 -1 -1 -1 -1 -1 -1 -2 -1 -1 -1 -1 -1 -1 01
01 -1 -1 72 -1 -1 01 -1 01 -1 -1 73 -1 -1 01
01 -1 -1 -1 -1 -1 -1 -1 -1 -1 -1 -1 -1 -1 01
01 -1 -1 -1 -1 -1 -1 -1 -1 -1 -1 -1 -1 -1 01
01 -1 73 -1 -1 -1 -1 -1 -1 -1 -1 -1 72 -1 01
01 -1 -1 -1 -1 71 -1 -1 -1 70 -1 -1 -1 -1 01
01 00 -1 -1 -1 -1 -1 -1 -1 -1 -1 -1 -1 00 01 
01 01 01 01 01 01 01 01 01 01 01 01 01 01 01 


01 01 01 01 01 01 01 01 01 01 01 01 01 01 01
01 00 -1 -1 -1 -1 -1 -1 -1 -1 -1 -1 -1 00 01
01 -1 -1 -1 -1 -1 -1 -1 -1 -1 -1 -1 -1 -1 01
01 -1 -1 -1 -1 -1 -1 -1 -1 -1 -1 -1 -1 -1 01
01 -1 -1 -1 -1 -1 -1 -1 -1 -1 -1 -1 -1 -1 01
01 -1 -1 -1 -1 -1 -1 -1 -1 -1 -1 -1 -1 -1 01
01 -1 -1 -1 -1 -1 -1 -1 -1 -1 -1 -1 -1 -1 01                                                             
01 -1 -1 -1 -1 -1 -1 -2 -1 -1 -1 -1 -1 -1 01
01 -1 -1 -1 -1 -1 -1 -1 -1 -1 -1 -1 -1 -1 01
01 -1 -1 -1 -1 -1 -1 -1 -1 -1 -1 -1 -1 -1 01
01 -1 -1 -1 -1 -1 -1 -1 -1 -1 -1 -1 -1 -1 01
01 -1 -1 -1 -1 -1 -1 -1 -1 -1 -1 -1 -1 -1 01
01 -1 -1 -1 -1 -1 -1 -1 -1 -1 -1 -1 -1 -1 01
01 00 -1 -1 -1 -1 -1 -1 -1 -1 -1 -1 -1 00 01 
01 01 01 01 01 01 01 01 01 01 01 01 01 01 01 



01 01 01 01 01 01 01 01 01 01 01 01 01 01 01 01
01 00 -1 -1 -1 -1 -1 -1 -1 -1 -1 -1 -1 -1 00 01
01 -1 -1 -1 -1 -1 -1 -1 -1 -1 -1 -1 -1 -1 -1 01
01 -1 -1 -1 -1 -1 -1 -1 -1 -1 -1 -1 -1 -1 -1 01
01 -1 -1 -1 -1 -1 -1 -1 -1 -1 -1 -1 -1 -1 -1 01
01 -1 -1 -1 -1 -1 -1 -1 -1 -1 -1 -1 -1 -1 -1 01
01 -1 -1 -1 -1 -1 -1 -1 -1 -1 -1 -1 -1 -1 -1 01
01 -1 -1 -1 -1 -1 -1 -1 -1 -1 -1 -1 -1 -1 -1 01
01 -1 -1 -1 -1 -1 -1 -1 -1 -1 -1 -1 -1 -1 -1 01
01 -1 -1 -1 -1 -1 -1 -1 -1 -1 -1 -1 -1 -1 -1 01
01 -1 -1 -1 -1 -1 -1 -1 -1 -1 -1 -1 -1 -1 -1 01
01 -1 -1 -1 -1 -1 -1 -1 -1 -1 -1 -1 -1 -1 -1 01
01 -1 -1 -1 -1 -1 -1 -1 -1 -1 -1 -1 -1 -1 -1 01
01 -1 -1 -1 -1 -1 -1 -1 -1 -1 -1 -1 -1 -1 -1 01
01 00 -1 -1 -1 -1 -1 -1 -1 -1 -1 -1 -1 -1 00 01
01 01 01 01 01 01 01 01 01 01 01 01 01 01 01 01


01 01 01 01 01 01 01 01 01 01 01 01 01 01 01 01
01 00 -1 -1 -1 -1 -1 -1 -1 -1 -1 -1 -1 -1 00 01
01 -1 -1 -1 -1 -1 -1 -1 -1 -1 -1 -1 -1 -1 -1 01
01 -1 -1 -1 -1 -1 -1 -1 -1 -1 -1 -1 -1 -1 -1 01
01 -1 -1 -1 -1 -1 -1 -1 -1 -1 -1 -1 -1 -1 -1 01
01 -1 -1 -1 -1 -1 -1 -1 -1 -1 -1 -1 -1 -1 -1 01
01 -1 -1 -1 -1 -1 -1 -1 -1 -1 -1 -1 -1 -1 -1 01
01 -1 -1 -1 -1 -1 -1 -1 -1 -1 -1 -1 -1 -1 -1 01
01 -1 -1 -1 -1 -1 -1 -1 -1 -1 -1 -1 -1 -1 -1 01
01 -1 -1 -1 -1 -1 -1 -1 -1 -1 -1 -1 -1 -1 -1 01
01 -1 -1 -1 -1 -1 -1 -1 -1 -1 -1 -1 -1 -1 -1 01
01 -1 -1 -1 -1 -1 -1 -1 -1 -1 -1 -1 -1 -1 -1 01
01 -1 -1 -1 -1 -1 -1 -1 -1 -1 -1 -1 -1 -1 -1 01
01 -1 -1 -1 -1 -1 -1 -1 -1 -1 -1 -1 -1 -1 -1 01
01 00 -1 -1 -1 -1 -1 -1 -1 -1 -1 -1 -1 -1 00 01
01 01 01 01 01 01 01 01 01 01 01 01 01 01 01 01


01 01 01 01 01 01 01 01 01 01 01 01 01 01 01 01
01 00 -1 -1 -1 -1 -1 -1 -1 -1 -1 -1 -1 -1 00 01
01 -1 -1 -1 -1 -1 -1 -1 -1 -1 -1 -1 -1 -1 -1 01
01 -1 -1 -1 -1 -1 -1 -1 -1 -1 -1 -1 -1 -1 -1 01
01 -1 -1 -1 -1 -1 -1 -1 -1 -1 -1 -1 -1 -1 -1 01
01 -1 -1 -1 -1 -1 -1 -1 -1 -1 -1 -1 -1 -1 -1 01
01 -1 -1 -1 -1 -1 -1 -1 -1 -1 -1 -1 -1 -1 -1 01
01 -1 -1 -1 -1 -1 -1 -1 -1 -1 -1 -1 -1 -1 -1 01
01 -1 -1 -1 -1 -1 -1 -1 -1 -1 -1 -1 -1 -1 -1 01
01 -1 -1 -1 -1 -1 -1 -1 -1 -1 -1 -1 -1 -1 -1 01
01 -1 -1 -1 -1 -1 -1 -1 -1 -1 -1 -1 -1 -1 -1 01
01 -1 -1 -1 -1 -1 -1 -1 -1 -1 -1 -1 -1 -1 -1 01
01 -1 -1 -1 -1 -1 -1 -1 -1 -1 -1 -1 -1 -1 -1 01
01 -1 -1 -1 -1 -1 -1 -1 -1 -1 -1 -1 -1 -1 -1 01
01 00 -1 -1 -1 -1 -1 -1 -1 -1 -1 -1 -1 -1 00 01
01 01 01 01 01 01 01 01 01 01 01 01 01 01 01 01